time top_angle bottom_angle top_x top_y bottom_x bottom_y top_momentum bottom_momentum total_energy
0.018 109.93253704725811 145.018750994449 0.9344172721844285 0.3388546241435095 1.5038636474664564 1.1543461850981804 -0.2782912073920448 -0.08488168429148857 14.835913645131495
0.036 109.67366696239691 145.09019011397416 0.935938720650752 0.33462935622365964 1.5028477824065587 1.1550560631451219 -0.6127398441251861 -0.18646291183775696 14.83591364512863
0.05400000000000001 109.22136202090829 145.21304346885648 0.9385511647505643 0.32723050897706096 1.501098739246239 1.1562738715208076 -0.9482972027050893 -0.2874285509811832 14.835913645122197
0.07200000000000002 108.57680012125722 145.38373558086727 0.9421729519342817 0.31665158061103843 1.4986642975298226 1.1579596601212971 -1.2855274333467008 -0.3874637888744534 14.835913645109295
0.09000000000000004 107.74166705122542 145.5970961647967 0.9466881627997316 0.30288548541469656 1.4956142658687481 1.1600566400763679 -1.6249390402964088 -0.486284614535049 14.835913645086288
0.10800000000000005 106.71815000268082 145.84631073917052 0.9519474969651498 0.28592666521647364 1.4920418367174992 1.162491603603094 -1.9669596501277744 -0.5836550051532082 14.835913645049324
0.12600000000000006 105.50891713030413 146.1228778987226 0.9577695556788315 0.26577353719812136 1.4880649589429398 1.1651755976087048 -2.3119067151662005 -0.6794088103901854 14.835913644995108
0.14400000000000007 104.11707803273534 146.41658407139695 0.963942557284635 0.2424311059158573 1.4838274999919627 1.1680048668842007 -2.659954273025496 -0.7734763457801536 14.835913644921854
0.1620000000000001 102.54612280877953 146.71550354286563 0.9702264765776921 0.21591359153065023 1.4794999921842682 1.170862013733437 -3.011096532762566 -0.8659150228249943 14.835913644830175
0.1800000000000001 100.79984124300603 147.00602693672104 0.9763555489540526 0.1862469781947021 1.4752798072974478 1.1736172374622436 -3.365109636724321 -0.9569427199485678 14.835913644724013
0.19800000000000012 98.88222794580389 147.2729163029453 0.9820410410908814 0.15347145817110497 1.4713906669067238 1.1761294363220018 -3.7215133543122074 -1.0469721403607173 14.835913644611253
0.21600000000000014 96.79738306854395 147.49938075850687 0.98697417656201 0.1176438254213523 1.4680814548231214 1.1782468931313075 -4.079534639183299 -1.136644178061173 14.835913644504021
0.23400000000000015 94.54942085491257 147.66716430399072 0.9908291267506394 0.07883994192408178 1.4656243340441273 1.1798072358442224 -4.4380749314000605 -1.2268583238022024 14.835913644418708
0.25200000000000017 92.14239945169189 147.7566375732544 0.9932660363487835 0.0371574473827853 1.4643121699038564 1.1806363701562674 -4.795682887865758 -1.318798319427975 14.835913644375363
0.2700000000000002 89.58028517370387 147.74688781705564 0.9939341429028685 -0.007281101013420744 1.4644552171273066 1.1805461202325416 -5.150534002967548 -1.4139514917957599 14.835913644396783
0.2880000000000002 86.86696319586079 147.61580582611813 0.992475160609664 -0.0543244920164846 1.4663769428746645 1.1793303797979429 -5.5004184705922965 -1.514120334223984 14.835913644506949
0.3060000000000002 84.00630494009172 147.3401739339636 0.9885272172723162 -0.10378841733005818 1.470408738777216 1.1767596645890734 -5.842738743074309 -1.6214248479397966 14.835913644728821
0.32400000000000023 81.00230065082268 146.8957648304327 0.9817297472904681 -0.1554503076388747 1.4768831350540113 1.172574069558289 -6.174518612017291 -1.73829385413863 14.835913645081238
0.34200000000000025 77.85926398237584 146.25746588924636 0.9717298398215033 -0.20904356785250036 1.4861249851373826 1.1664747788327166 -6.4924262564152855 -1.8674429465906146 14.835913645574921
0.36000000000000026 74.58211372887978 145.39944741566023 0.9581906045409095 -0.2642515094177395 1.4984399603026324 1.158114468603817 -6.792814499279145 -2.011836042986885 14.83591364620733
0.3780000000000003 71.17673571053224 144.29539505175967 0.9408021272375733 -0.32070150022300226 1.5140996082846598 1.1470872011846187 -7.071782352128407 -2.174626733237988 14.835913646956566
0.3960000000000003 67.6504246947137 142.91882588392735 0.9192955158230728 -0.3779601162128326 1.5333222261982105 1.1329187468812743 -7.325262619995403 -2.359074989083583 14.835913647774685
0.4140000000000003 64.01240141474214 141.24350381281306 0.8934603491831012 -0.4355303655287863 1.5562489275014197 1.115058689424562 -7.549140648145446 -2.568434515311168 14.835913648581526
0.43200000000000033 60.27439269369867 139.24396162763264 0.8631654998471455 -0.4928523254826489 1.582914606850031 1.0928761431541483 -7.739408929852141 -2.805806355186714 14.83591364926096
0.45000000000000034 56.45125314974824 136.89612422662233 0.8283827802649621 -0.5493087148594303 1.613214086523704 1.0656613656519258 -7.8923609519446645 -3.0739556020136507 14.835913649662324
0.46800000000000036 52.561595309287334 134.17800920571162 0.789212165303998 -0.6042369179355085 1.6468646010317256 1.032635862600719 -8.004825041156996 -3.3750904901651895 14.835913649611236
0.4860000000000004 48.628382418334596 131.0704580807129 0.7459065294710494 -0.6569486617327732 1.6833669195165575 0.9929735715236241 -8.074434893283518 -3.710606935923626 14.835913648933541
0.5040000000000003 44.679427149436066 127.55782542391908 0.6988930434178348 -0.7067578147584814 1.7219686899595557 0.9458351665584961 -8.099927920067532 -4.080806788551 14.835913647496266
0.5220000000000004 40.7477331996286 123.6285273451456 0.648787822147529 -0.7530155753323391 1.7616347421909415 0.8904162681405863 -8.081455859430902 -4.484604359080529 14.835913645265936
0.5400000000000004 36.87161971003897 119.27532946902046 0.5964003859919541 -0.7951507243590208 1.801029688023501 0.8260083234021255 -8.020885032640898 -4.919242525129242 14.8359136423805
0.5580000000000004 33.09458475284374 114.49524279697037 0.5427252480267176 -0.8327108742020638 1.8385177036584608 0.7520683530422098 -7.922057478970119 -5.380045674915309 14.835913639223321
0.5760000000000004 29.464896771803218 109.28889758538342 0.48891961178131094 -0.8653991611248762 1.8721824403073373 0.6682911877342579 -7.7909806455687605 -5.860240341621662 14.835913636483127
0.5940000000000004 26.03495184351401 103.6592817259982 0.4362686351138888 -0.8931000911856922 1.8998664446328768 0.5746761166285017 -7.635914005215571 -6.3508739747874285 14.83591363518181
0.6120000000000004 22.860495398587364 97.60975757198408 0.38614255728187713 -0.9158886506097996 1.9192246409780687 0.4715800726025441 -7.467326498943078 -6.840857268959932 14.835913636662315
0.6300000000000004 19.999869027429025 91.14130160915975 0.3399524841458112 -0.9340184170470727 1.9277812634693632 0.35975248330869325 -7.297706783322328 -7.317147952625901 14.835913642549464
0.6480000000000005 17.513487124706327 84.24893716982652 0.29911291637379533 -0.9478868909940628 1.922975508371603 0.24035326712158295 -7.1412109660743965 -7.765091653579439 14.835913654730057
0.6660000000000005 15.463737540957432 76.91736256920602 0.26501822214235965 -0.9579788289897279 1.9021798066064142 0.11496547746393426 -7.013111426970191 -8.168956546394003 14.835913675442
0.6840000000000005 13.91534451478349 69.11590149034197 0.23903565129902657 -0.9647901597073207 1.8626786503926394 -0.014371251324199363 -6.928926581751928 -8.512781497752362 14.835913707626553
0.7020000000000005 12.935663508681374 60.793453447630746 0.22250489513129432 -0.9687361180954487 1.801612564943026 -0.1450578970927507 -6.902884667234231 -8.781882280922094 14.835913755676366
0.7200000000000005 12.592577821478189 51.87620610507966 0.21670017323875387 -0.970051096478078 1.7159454492880748 -0.27367963327740646 -6.944861190874769 -8.965869931171303 14.835913825085704
0.7380000000000005 12.94241435274519 42.27762343683531 0.2226190343928748 -0.9687098948529489 1.6026785385049034 -0.39547090222921705 -7.054090762111108 -9.064867207947952 14.835913906353632
0.7560000000000006 13.988331226515264 31.946757180181297 0.2402644631013111 -0.9644848794204428 1.459953094501092 -0.5034610508397086 -7.208380325992891 -9.100174736207792 14.835913898860898
0.7740000000000006 15.584135432701395 20.99151852846139 0.2670306744218607 -0.9574198210700641 1.2900839710614105 -0.5880404576560667 -7.357517296420012 -9.12068642903589 14.8359136932769
0.7920000000000006 17.342266905933073 9.807159020800936 0.29627896099828166 -0.9487765132684336 1.1033215921936197 -0.6394810686193801 -7.452389237288186 -9.173639574856672 14.835913720340791
0.8100000000000006 18.756908150280093 358.93398879630695 0.3196117113011942 -0.9411729112438104 0.9155256630386197 -0.6538341619855346 -7.502820357473246 -9.246949331077635 14.835913896256127
0.8280000000000006 19.48426887963321 348.7130784940346 0.3315336757055912 -0.9370397626211853 0.7394773425019479 -0.6347823542914068 -7.567375464866366 -9.279881453082226 14.835913873347128
0.8460000000000006 19.412098749133214 339.21508871190167 0.3303531117297558 -0.9374566210926748 0.5812999450886811 -0.5893183883478645 -7.693783936436964 -9.222972240588705 14.835913783596848
0.8640000000000007 18.554572925863805 330.38619469123125 0.31628605234427454 -0.9422957221342471 0.4428505577250408 -0.5241709458468709 -7.899538973822304 -9.057454265596498 14.835913701845737
0.8820000000000007 16.968499495323265 322.15594507632346 0.29008338376889353 -0.9506890792058234 0.3242083438445683 -0.44495984570454544 -8.181340024532247 -8.785698527820365 14.835913636667286
0.9000000000000007 14.720744331597912 314.47476970836215 0.25257352698513236 -0.9613348575425308 0.22476793084179114 -0.3564094701722081 -8.525195653935512 -8.42099872368162 14.83591358714154
0.9180000000000007 11.87966403922746 307.31964844191407 0.20461366229821915 -0.9726722696062315 0.14355477644314052 -0.26264521174766015 -8.912024036648251 -7.981896081260173 14.835913552301498
0.9360000000000007 8.513794418913436 300.68991502615444 0.14715343347509457 -0.9830076102841312 0.07926887049514719 -0.1673545921901683 -9.320556648259155 -7.489236028208245 14.835913531056896
0.9540000000000007 4.691682917813074 294.6007975921254 0.08129986702978524 -0.9906303177679182 0.03027833909753963 -0.07382475552125312 -9.72909231636139 -6.964400697784316 14.835913521705518
0.9720000000000008 0.4811266999246469 289.0769641624215 0.008346434397065953 -0.9939257677980197 -0.005355235568963335 0.015090500539501006 -10.116788430707352 -6.428022675668985 14.83591352185477
0.9900000000000008 355.94760040650425 284.1468067405157 -0.07024198011840559 -0.9914757481093892 -0.029798998854877246 0.09702339103005125 -10.46470209331347 -5.898960484068296 14.835913528667366
1.0080000000000005 351.15216258440944 279.83781385796635 -0.1528819820466063 -0.9821329820475069 -0.04532732538539608 0.1701266658691475 -10.756600182119236 -5.393510753446137 14.835913539266912
1.0259999999999998 346.1492534388777 276.1732529825372 -0.237947749852712 -0.9650590464837157 -0.05417946347959379 0.23306879396445856 -10.979508094374118 -4.924882111158082 14.835913551134464
1.0439999999999992 340.9847510629643 273.1702609372921 -0.3238521000680508 -0.9397222526584866 -0.05842201747327369 0.2849853437944661 -11.123984517545017 -4.502939779415391 14.835913562375364
1.0619999999999985 335.69453112143583 270.83928590282545 -0.4091156119887218 -0.9058600945439208 -0.059836535033278015 0.32539530139413414 -11.184151006902676 -4.134190645857781 14.83591357181664
1.0799999999999979 330.30363956664155 269.1846611886957 -0.49241165481259497 -0.8634169659352017 -0.05984253337478085 0.3540985488750108 -11.157547694840892 -3.8219385246380746 14.835913578970228
1.0979999999999972 324.8260943984668 268.2059361363573 -0.5725811659876977 -0.812470862995219 -0.059455941255847966 0.37107275401750006 -11.04492112063739 -3.5665070346383327 14.835913583942274
1.1159999999999966 319.26533508013006 267.8994204914427 -0.6486160540851816 -0.7531635341962569 -0.05927525288099822 0.376387076159852 -10.85007727987373 -3.365402402974248 14.83591358738018
1.133999999999996 313.61550700701935 268.2591251384646 -0.7196129075249911 -0.6856495884804832 -0.05948440085878359 0.37015047615485464 -10.57995599294097 -3.2132670772550527 14.835913590515643
1.1519999999999953 307.8642148104238 269.2757248864061 -0.7846998510377041 -0.610085435526396 -0.059863757900826875 0.3525189287249279 -10.245092212513933 -3.1014665345105916 14.835913595177109
1.1699999999999946 301.99823239246854 270.9311179061663 -0.8429428230536211 -0.5266929769062989 -0.05981192325059537 0.3238024003086492 -9.860556158814923 -3.017224658419638 14.83591360304391
1.187999999999994 296.01471727526075 273.18489440812203 -0.8932541080487565 -0.4359532008301439 -0.05840794582839581 0.2847318742715589 -9.447066876206828 -2.942613204857367 14.83591361283448
1.2059999999999933 289.9398109363708 275.9503063137181 -0.9343742459368263 -0.3389732487822817 -0.05458789040152323 0.23691481998890562 -9.030804068017247 -2.8548458713401654 14.835913618446991
1.2239999999999926 283.848652928461 279.06880700160616 -0.965067740636583 -0.23791248568040405 -0.04751842777369342 0.18328604347919028 -8.638841994523093 -2.7308747634207733 14.835913618940843
1.241999999999992 277.86483147475144 282.31483262930925 -0.984611259311507 -0.13601015733038346 -0.037072523708899796 0.12795936240514827 -8.289050683399505 -2.5573157866465586 14.835913619674638
1.2599999999999913 272.1209028461387 285.4563324691423 -0.9932799074142397 -0.03678478472394453 -0.02399543276183891 0.0750602112379044 -7.982166195415643 -2.337950671136615 14.835913610538881
1.2779999999999907 266.70736425282894 288.3304726446988 -0.9923199880792503 0.057088844080291586 -0.009507957107388165 0.02735656649997148 -7.70579360594246 -2.0892252654628987 14.835913589093234
1.29599999999999 261.6558319655554 290.868339135239 -0.9834389551880707 0.14424256056595525 0.005259206246216119 -0.014115806953716947 -7.445333255817871 -1.8290276318740715 14.835913568514783
1.3139999999999894 256.95596724640006 293.06969298847224 -0.9683135397833152 0.22433676366644292 0.01954496970970243 -0.04952943725756176 -7.190668095316365 -1.5699769400230124 14.835913555384419
1.3319999999999887 252.57829874736277 294.9685360349451 -0.9483648431359505 0.2975940509549063 0.032952673139414856 -0.07961661484303173 -6.936887948296891 -1.3188265660138134 14.835913548558533
1.349999999999988 248.4888170838553 296.6104359231605 -0.9247274820871536 0.36446835079713064 0.04534444666329296 -0.10526223850222405 -6.682667361593171 -1.078242975942002 14.835913545415178
1.3679999999999874 244.6555853473681 298.04159730516136 -0.8982930753627064 0.42547343702684703 0.05674134788585439 -0.12731875071300097 -6.428635032412124 -0.8485688173894702 14.83591354413057
1.3859999999999868 241.0509100177834 299.30466071092246 -0.8697655454588296 0.48110912565937897 0.06725452935747323 -0.1465428679084006 -6.176301091776394 -0.6289943109698174 14.835913543718801
1.4039999999999861 237.6515765330588 300.4375874709341 -0.8397079577303579 0.5318351629822334 0.07704300382816731 -0.1635854168347916 -5.927454251384891 -0.41823048284184616 14.835913543692868
1.4219999999999855 234.43839576608616 301.4737704926583 -0.8085778544661424 0.5780656953383041 0.08628906832144323 -0.1790004498473971 -5.683850991433742 -0.21486984252517954 14.83591354382083
1.4399999999999848 231.3955903859895 302.44254963917194 -0.776752995467848 0.6201716527637753 0.09518451992173871 -0.1932593074639592 -5.447067539606721 -0.017570085367040154 14.835913543994767
1.4579999999999842 228.51021872327854 303.36980184368053 -0.7445500890221575 0.6584855805536858 0.10392331285177092 -0.2067642326456986 -5.218438114876971 0.17485818463645364 14.835913544166331
1.4759999999999835 225.77169539449767 304.2784881836443 -0.7122386368405974 0.6933067279721689 0.11269806738115307 -0.21985986306968758 -4.999037283898783 0.36341455208801887 14.835913544315641
1.493999999999983 223.1714147470504 305.1891262574998 -0.6800514212601831 0.7249056209618133 0.12169891212540607 -0.23284235990201946 -4.789683826502009 0.5488981063109536 14.835913544436458
1.5119999999999822 220.7024652742137 306.1201885649061 -0.6481926814303578 0.7535279308692876 0.13111376272758735 -0.2459664153973154 -4.59095410549074 0.7319096405324489 14.835913544528864
1.5299999999999816 218.35941908658205 307.0884378517188 -0.616844682110949 0.7793976732140465 0.1411294961572327 -0.25945049111740287 -4.403198603457618 0.9128595004319444 14.83591354459568
1.547999999999981 216.138181440756 308.1092119852166 -0.5861731455813081 0.8027198379629982 0.15193368457920042 -0.273480610952852 -4.22655832633514 1.0919771691463183 14.835913544640835
1.5659999999999803 214.03588766791384 309.19666944455577 -0.556331861364931 0.8236825571118153 0.16371667090789355 -0.2882129634825455 -4.060979420357257 1.2693205097800193 14.835913544668527
1.5839999999999796 212.0508372586506 310.36400417141397 -0.5274666843144741 0.8424588962070033 0.17667383565115946 -0.3037754926713357 -3.9062252628842957 1.4447836252305557 14.835913544682981
1.601999999999979 210.18245687368162 311.6236361431489 -0.49971906082373135 0.8592083304469733 0.19100794072483962 -0.32026858676620523 -3.7618858169914904 1.6181029096989517 14.835913544688363
1.6199999999999783 208.43128552715535 312.98738183715926 -0.47322917290283917 0.8740779397592198 0.20693145038984706 -0.3377649155553721 -3.62738437359024 1.7888612595339768 14.835913544688786
1.6379999999999777 206.79897610735622 314.4666067448493 -0.44813875172868717 0.8872033329846555 0.22466872663757198 -0.3563084158806696 -3.5019820492592 1.956490698337171 14.835913544688513
1.655999999999977 205.28830775801364 316.0723601696572 -0.42459357963397526 0.898709289477768 0.24445797720457763 -0.3759123840560224 -3.3847806265639524 2.12027392220337 14.83591354469198
1.6739999999999764 203.90320343126373 317.81549057891004 -0.4027456673755355 0.9087100870301055 0.26655279781981034 -0.3965566022728784 -3.2747245580866027 2.2793455312667246 14.835913544703985
1.6919999999999757 202.64874611192147 319.70673764527726 -0.3827550578961831 0.9173094682357296 0.29122309392360546 -0.41818340677747684 -3.1706032347957844 2.4326940152498238 14.8359135447296
1.709999999999975 201.53118576420428 321.7567947013949 -0.36479116533085754 0.9246001841642594 0.31875508823437926 -0.4406926041279157 -3.071054962793935 2.5791659244167615 14.835913544774066
1.7279999999999744 200.55792694264056 323.9763325794486 -0.3490335062176054 0.9306630466487171 0.34945001740579107 -0.4639351677142624 -2.9745745053973067 2.717474090011117 14.83591354484236
1.7459999999999738 199.7374842724629 326.375972748217 -0.33567161774414084 0.935565422565979 0.3836209949673913 -0.48770571452557737 -2.8795265123574314 2.8462122430506556 14.835913544938464
1.7639999999999731 199.07938980446363 328.96619449226955 -0.32490388715351814 0.9393591214080808 0.42158737682063796 -0.5117338920873011 -2.78416761760542 2.963878860057541 14.835913545064113
1.7819999999999725 198.5940329844033 331.7571580744246 -0.3169349438327342 0.9420776699602686 0.463665829900022 -0.5356750226069973 -2.6866803210396797 3.068913417802803 14.835913545217055
1.7999999999999718 198.2924114238898 334.75842426427675 -0.3119712057587495 0.9437330457483512 0.5101572136116038 -0.5591006815525719 -2.585221769441461 3.159748254831433 14.83591354538887
1.8179999999999712 198.18577012139835 337.9785517219119 -0.31021415096720084 0.9443120646267981 0.5613284037054205 -0.5814903482360521 -2.477989901909956 3.2348785960961997 14.835913545562786
1.8359999999999705 198.28511017738427 341.42455949759994 -0.3118509425775537 0.9437727928233144 0.617388417024343 -0.6022258465357586 -2.363307724819376 3.2929515895207397 14.83591354571245
1.85399999999997 198.60055779637324 345.1012547309114 -0.3170422250661606 0.9420415714739585 0.6784587552950052 -0.6205909295884329 -2.2397233375351733 3.332872026338428 14.835913545802963
1.8719999999999692 199.14060286408912 349.0104476230294 -0.3259072841122614 0.9390114679931216 0.7445388934424831 -0.635778899463896 -2.1061185769445068 3.353917591382275 14.835913545795911
1.8899999999999686 199.9112448354304 353.1501074569375 -0.3385073533529624 0.9345431325444534 0.8154693385256739 -0.6469113266359747 -1.9618131973729076 3.355850413484009 14.835913545659045
1.907999999999968 200.91512028810445 357.5135519223757 -0.35482862553410693 0.9284690309114267 0.8908965529746683 -0.6530703888831784 -1.8066457250694254 3.3390057259103005 14.835913545379249
1.9259999999999673 202.1507245982045 2.08879903037038 -0.3747673397323616 0.9206017249223228 0.9702458670214822 -0.6533457434210959 -1.6410089930984844 3.304335081749335 14.835913544974183
1.9439999999999666 203.6118674719321 6.858232651823037 -0.3981198974703246 0.9107462007048098 1.052709590644585 -0.6468940600107069 -1.4658209040749839 3.253383865248545 14.83591354449565
1.961999999999966 205.2875029398941 11.798722939053066 -0.42458095566888515 0.8987152535388079 1.1372570154066526 -0.6330057351225877 -1.282421294827472 3.188192971919235 14.83591354401948
1.9799999999999653 207.16203644217802 16.882290302800385 -0.45375156826243584 0.8843458651225817 1.222670256537218 -0.6111698530732943 -1.0924030576561843 3.1111317505252103 14.835913543623203
1.9979999999999647 209.2161341889581 22.077309066181808 -0.48515768923500546 0.8675137528801358 1.3076050659963951 -0.5811265552468654 -0.8974049456765479 3.02468872144446 14.835913543360775
2.0159999999999654 211.42795994359304 27.350136282849427 -0.518277106195595 0.8481432285018535 1.3906700312309246 -0.5428968339667999 -0.6989069405458401 2.9312604183581543 14.835913543247043
2.033999999999966 213.77467275695292 32.66695795069012 -0.5525708742902925 0.8262103386826439 1.470512895819995 -0.4967836524546279 -0.4980699811826821 2.8329801794295633 14.835913543258954
2.0519999999999667 216.2339678700308 37.99560228420393 -0.5875143036651375 0.8017387591035474 1.5459008995920713 -0.4433441561047832 -0.29564896665034157 2.7316164335565043 14.83591354335097
2.0699999999999674 218.78544872322593 43.30709183851872 -0.6226228814224328 0.7747895471605528 1.615783738099962 -0.3833386008978065 -0.09198667641990672 2.628549247984358 14.835913543474643
2.087999999999968 221.41167428667555 48.57678099752249 -0.6574699803513041 0.745447060358335 1.6793322093759162 -0.3176655503733717 0.11292441080491492 2.52481349488527 14.8359135435931
2.105999999999969 224.09880827274083 53.78502243966673 -0.691695201397726 0.7138037848200208 1.7359510827650406 -0.24729392113490317 0.3193380812882362 2.4211843090556675 14.83591354368657
2.1239999999999695 226.83687652330687 58.917393684658606 -0.7250040235900205 0.6799465130716595 1.7852693877043542 -0.17320087066484408 0.5276360795685867 2.3182779949306807 14.835913543750321
2.14199999999997 229.61969576940245 63.964572372735894 -0.7571606390630271 0.6439455423509785 1.8271141083295896 -0.09632143217567801 0.7382177183133292 2.21664692576128 14.835913543789212
2.159999999999971 232.44456429181037 68.92197192143284 -0.7879763196406896 0.6058476826278543 1.8614740430592236 -0.017512463439310177 0.9514103251812064 2.116855854114021 14.835913543811968
2.1779999999999715 235.31180694564392 73.78924461654768 -0.8172955438756397 0.5656731289543897 1.8884598592012423 0.06246922327305715 1.1674046467576802 2.019535524948487 14.835913543827152
2.195999999999972 238.22425282497124 78.56973854920687 -0.8449816640591667 0.5234157833537586 1.9082648716736221 0.14297638100118018 1.3862131409357237 1.9254154437987079 14.83591354384113
2.213999999999973 241.1867028304897 83.2699686463542 -0.8709033455045919 0.4790464044838838 1.9211294259623415 0.2234710720196737 1.607645911564382 1.8353407077859634 14.835913543857528
2.2319999999999736 244.20542324045988 87.89913738696914 -0.8949225199642552 0.4325179512122644 1.9273103527450055 0.30351725431601384 1.831298251832603 1.7502785609242923 14.835913543877714
2.2499999999999742 247.2876836600699 92.46872105084965 -0.91688423323146 0.3837725859302421 1.9270559419685969 0.3827684671764554 2.0565444394473453 1.671319689877244 14.835913543901665
2.267999999999975 250.44134462235968 96.99212329476791 -0.9366085463992989 0.3327499446608816 1.9205862617312137 0.46095234386632067 2.2825337640102035 1.5996780124759957 14.835913543929008
2.2859999999999756 253.67449139230087 101.48438884061449 -0.9538845516107163 0.2793964156148935 1.908078351391152 0.5378531419020175 2.5081862348440205 1.5366913414922518 14.835913543959844
2.3039999999999763 256.9951053192041 105.96196490018647 -0.9684665556628019 0.22367526779386282 1.8896557582295141 0.613293020737786 2.732186743196214 1.4838240909928821 14.835913543995499
2.321999999999977 260.4107614118627 110.44249544565612 -0.9800725375730505 0.1655775224936915 1.8653819811404428 0.6871124490498688 2.952977544635572 1.442672216060594 14.835913544038949
2.3399999999999777 263.9283398365146 114.94463258026731 -0.9883850722642096 0.10513345702154277 1.8352575709285492 0.7591498978948642 3.168749797305938 1.4149698218841258 14.835913544095122
2.3579999999999783 267.5537391494014 119.48784937211647 -0.9930550089416597 0.042424569248347095 1.7992208711998732 0.8292208693216838 3.3774355982113953 1.4025962819151978 14.835913544170797
2.375999999999979 271.29157989348437 124.09223915006564 -0.9937082785175184 -0.022404286772342054 1.7571526358670777 0.8970963187459726 3.576702575191175 1.4075821888313564 14.835913544274188
2.3939999999999797 275.14488853091854 128.77828720535788 -0.9899562579860415 -0.08913305859388763 1.7088850039748786 0.9624806532327066 3.7639536859487324 1.4321119486848328 14.835913544414003
2.4119999999999804 279.1147535287852 133.56660204748724 -0.981410116755001 -0.1574556368980249 1.6542155232271276 1.0249897305668572 3.936335505883159 1.4785202472701346 14.83591354459784
2.429999999999981 283.19994787893734 138.47759492757905 -0.9676994828618558 -0.22697093586828282 1.5929270550818448 1.084129650718583 4.090758995265442 1.5492789106911604 14.835913544829552
2.4479999999999817 287.39651564656697 143.531098513906 -0.9484955654464144 -0.2971771478235059 1.5248144171155802 1.1392776221084258 4.223937538019218 1.6469698159135937 14.835913545105694
2.4659999999999824 291.6973246514574 148.74591880144638 -0.9235385243721256 -0.36747066394555095 1.449718455233372 1.1896667845868507 4.332447905211338 1.774238496199844 14.83591354541049
2.483999999999983 296.09159353250396 154.1393191889858 -0.8926683666655191 -0.43715132621866976 1.3675678050215234 1.2343775332955578 4.412820597485292 1.9337220344273653 14.835913545710143
2.501999999999984 300.56440971167285 159.72644301810425 -0.8558579691043663 -0.5054356849101347 1.2784278067281607 1.27233851648413 4.461666504518296 2.1279439978228027 14.835913545947204
2.5199999999999845 305.0962655300773 165.51969175493724 -0.8132460071709062 -0.5714796817740816 1.1825548079975476 1.3023409091042712 4.475846528427502 2.3591690137929584 14.835913546037249
2.537999999999985 309.66265302913536 171.52809134063088 -0.76516669561544 -0.6344115563110242 1.0804524119419978 1.3230695425177308 4.452689055137501 2.6292108586035488 14.835913545872154
2.555999999999986 314.23377250905713 177.7566993532437 -0.7121724693117081 -0.6933746958279424 0.9729242279783772 1.3331536789596998 4.390256034275624 2.9391915940621463 14.835913545334876
2.5739999999999865 318.7744235069884 184.2061293348839 -0.6550452901922754 -0.7475785996515316 0.8611156970454488 1.3312383331896118 4.287651092860577 3.2892562996960537 14.835913544331408
2.591999999999987 323.24415436043233 190.87229223439687 -0.5947924571996465 -0.796354209958379 0.7465362012429705 1.31607387679144 4.145352252493483 3.6782587362914625 14.835913542841222
2.609999999999988 327.5977410111171 197.74647150228594 -0.5326239236671864 -0.8392078710292216 0.6310527724904571 1.286617380686582 3.965538448693444 4.103446934071958 14.835913540979453
2.6279999999999886 331.786039310655 204.81584856626637 -0.4699103693429012 -0.8758666220629974 0.5168491400505615 1.2421345001499569 3.7523662423302304 4.560191179245195 14.835913539051319
2.6459999999999892 335.7572024618207 212.06457038729573 -0.4081245184356084 -0.9063070518934133 0.40634904323513155 1.1822870636295086 3.512146129055234 5.041804839244381 14.835913537571331
2.66399999999999 339.4581781143518 219.47539773373563 -0.34877189582747464 -0.9307611184084434 0.30211020154627966 1.107190622125713 3.253372804351657 5.539504615531334 14.835913537224842
2.6819999999999906 342.83631036972383 227.03190080330347 -0.2933204166885687 -0.949695334311837 0.20670340806666443 1.0174294179876926 2.9865845392399124 6.042536960355542 14.835913538773994
2.6999999999999913 345.8407922631102 234.7211012501864 -0.24313982925331246 -0.9637640366244724 0.12259738180832691 0.9140236564823092 2.7240615249001348 6.53846321581484 14.835913542945626
2.717999999999992 348.4236671627585 242.53642960774036 -0.19946136723418292 -0.9737418846085948 0.052071996189441694 0.7983539825684347 2.4794121100728375 7.013556921259975 14.835913550362996
2.7359999999999927 350.54007433807465 250.48090641801355 -0.1633651413516105 -0.9804437390545139 -0.002820441539464036 0.6720577717765571 2.2671243878551595 7.453237604768714 14.83591356158244
2.7539999999999933 352.14746396154857 258.5705840739365 -0.1357988607137073 -0.9846404238547626 -0.04023249852017807 0.536918480265528 2.1021636106651242 7.842461369955584 14.835913577286018
2.771999999999994 353.20353703845126 266.83850965503655 -0.11762797568999771 -0.986976065664766 -0.0584304203067868 0.39477197559354243 1.9996613122211153 8.166022014471356 14.835913598730873
2.7899999999999947 353.6626574423906 275.3397802501982 -0.1097154840496077 -0.987886940605952 -0.05562970533174816 0.24745474438766585 1.974652338443165 8.408804765796095 14.835913628842668
2.8079999999999954 353.470442755921 284.1586171741276 -0.11302900294533028 -0.987513310975205 -0.02974890273347497 0.09682472375062492 2.0416142197560454 8.556234653527873 14.835913675497373
2.825999999999996 352.5564083220585 293.4184918736901 -0.12876766369035095 -0.9855845897982354 0.021932957967419897 -0.05508921095502556 2.2130524841549244 8.595668800097384 14.835913763016684
2.8439999999999968 350.82623016005743 303.2945476749963 -0.15846643401655156 -0.9812474123023741 0.1032059504662396 -0.2056734880867574 2.4949397578318466 8.520908973611563 14.835913972572506
2.8619999999999974 348.1644797796191 314.01580153928467 -0.20386420144572528 -0.9728296265168552 0.21921251750073467 -0.35070573999098703 2.872953676163767 8.34585098900818 14.835914525957946
2.879999999999998 344.49730464209443 325.7925685924974 -0.26566953103909513 -0.9577984104901692 0.37522216765625105 -0.4820585893162252 3.2780472206121463 8.138647444836945 14.835915379330508
2.897999999999999 340.0367879036059 338.50038219711655 -0.3393548444413528 -0.9342357220820731 0.5697359521721281 -0.584846411711679 3.5517367372812036 8.055878086381137 14.835915184512878
2.9159999999999995 335.5546811130478 351.30462202978816 -0.4113254534628706 -0.9048588100878453 0.7837495726599939 -0.6425816919736156 3.568576660382047 8.219564570084152 14.835915003300244
2.934 331.8907591380162 3.286790337008199 -0.46830875887733037 -0.8767240165632523 0.9910052456037759 -0.6523711879932228 3.4332639043965685 8.52073753425447 14.835914094152749
2.952000000000001 329.33985245993676 14.228450035724904 -0.5068650662383984 -0.8550122218349696 1.1783220060785913 -0.62351487772771 3.3187975570009978 8.782774831147727 14.835913445958397
2.9700000000000015 327.85746755060785 24.316980476907816 -0.5288142651429422 -0.8416136689962667 1.3433152448230399 -0.5658232594578607 3.3097447533967874 8.918654887102267 14.835913188459031
2.988000000000002 327.33596564704055 33.78061642667706 -0.5364525594281067 -0.8367656460103158 1.4866742195199758 -0.4861983931899006 3.4276321430014853 8.905282350909518 14.835913070438249
3.006000000000003 327.6839414347497 42.790430013653975 -0.5313607488837263 -0.8400082436534496 1.6092338475566288 -0.38945690237832126 3.6690148880225935 8.7450793452153 14.835912996779875
3.0240000000000036 328.8311405938612 51.456872125915595 -0.514436382679061 -0.8504782789913626 1.7114335068312232 -0.27938588872021203 4.021195326507347 8.450042828118328 14.835912940513204
3.0420000000000043 330.7193189435653 59.84139471911641 -0.4861346834325487 -0.8669666455083281 1.793433923399729 -0.1594067194869465 4.467270460626887 8.036559214943795 14.835912894298442
3.060000000000005 333.2932098490842 67.96686361179604 -0.44671070785305694 -0.8879232164716993 1.8553865611150686 -0.03292258035704243 4.987651897443807 7.5237968315888395 14.835912856700354
3.0780000000000056 336.4940647152756 75.82559793771276 -0.3964353707977642 -0.911480713806094 1.8977171641867603 0.09655921696505604 5.56072087799897 6.932994818942079 14.835912828083359
3.0960000000000063 340.25598568436476 83.38622006680379 -0.33577824266013945 -0.9355271597426212 1.9213637355979687 0.22547413065729224 6.163525236095535 6.286734343665796 14.835912808888306
3.114000000000007 344.50486978373067 90.60028165974637 -0.26554306424938895 -0.95783348025065 1.9279239007964872 0.35036804819232853 6.772744046337965 5.607964496738975 14.835912798741404
3.1320000000000077 349.15959788788496 97.4090259830657 -0.18693811378474415 -0.9762234562202597 1.9196797340103153 0.4681276709333443 7.365843216264826 4.918858835758776 14.835912796206696
3.1500000000000083 354.1349006183249 103.75012719155211 -0.10156948951131041 -0.9887576718592069 1.8994930674750166 0.5762072249165731 7.92222358802409 4.239698235829257 14.835912799091535
3.168000000000009 -0.6548166857458568 109.563945401512 -0.01135943975678671 -0.9938958989695245 1.8705954601055876 0.6727910379693013 8.424164713424961 3.5879706607282293 14.835912805026133
3.1860000000000097 4.708569068506995 114.79877010397928 0.08159182099963364 -0.9906063141359392 1.8363218284622498 0.7568541829601884 8.85744479892672 2.977798123443787 14.835912811974605
3.2040000000000104 10.150530151783391 119.41463740785917 0.17517059255777945 -0.978403474218578 1.7998453441385527 0.8281149223104505 9.211612675295981 2.419704857007284 14.835912818492599
3.222000000000011 15.606674548382383 123.38550991269284 0.26740728526333063 -0.9573147019910031 1.7639620487605012 0.8869010271415019 9.47995601064864 1.9206742610830516 14.835912823741374
3.2400000000000118 21.024473084368864 126.69982581332937 0.35660002294572113 -0.9277901263190607 1.7309530158475974 0.933968172514237 9.659237728201457 1.4844185392828133 14.835912827379069
3.2580000000000124 26.363909252486295 129.35961187442746 0.4413890523098251 -0.8905805967800229 1.702529062013282 0.9703103037448342 9.749272358328767 1.1117899405841476 14.835912829418778
3.276000000000013 31.597186256840025 131.37849144289316 0.5207798807770796 -0.8466087707068939 1.6798453489261957 0.9969927637580371 9.752405194730551 0.8012752319489355 14.835912830100714
3.294000000000014 36.707724680222604 132.77899083181404 0.5941234141437265 -0.7968534768865789 1.6635639548586867 1.0150251853521213 9.672950427696064 0.5495237131905069 14.835912829781275
3.3120000000000145 41.6887266226529 133.58954943606352 0.6610668708654108 -0.7422591778511342 1.6539411037824943 1.0252781202604075 9.516639935944163 0.3518636249604422 14.835912828845323
3.330000000000015 46.54157249186795 133.84157833429776 0.7214899464988117 -0.6836741562770741 1.650919592822533 1.028438231822674 9.290127914796571 0.2027670056635433 14.835912827646373
3.348000000000016 51.27426762942551 133.56681170829052 0.7754380530366638 -0.6218150213389312 1.6542130164929632 1.0249923659617366 9.000586007258054 0.09623174185939179 14.835912826481344
3.3660000000000165 55.90008532510662 132.79508657414857 0.8230603520610742 -0.5572519643080031 1.6633742827532476 1.015230105561363 8.655411158319584 0.02606034585883632 14.835912825597958
3.384000000000017 60.43647576496434 131.5525993227953 0.8645562659051095 -0.49040856226644436 1.6778453300565122 0.9992561149603727 8.26205830406841 -0.013975996846847045 14.835912825230476
3.402000000000018 64.90423248670217 129.86064703648287 0.9001310426256839 -0.42157111020755034 1.6969874687120672 0.9770065286067651 7.828006191014235 -0.030096179230304377 14.835912825662849
3.4200000000000186 69.3268185506117 127.73489170637521 0.9299590586510833 -0.3509048932300865 1.7200925233201945 0.9482673451997432 7.360869336051245 -0.02860332562683723 14.835912827323371
3.4380000000000193 73.72962108223689 125.18532507736114 0.9541529437310634 -0.2784784638520067 1.74637436711198 0.9126977053317862 6.868681900890166 -0.016139088134776856 14.835912830910674
3.45600000000002 78.13866206474317 122.2174337793108 0.9727376657052009 -0.204302541781604 1.774939284420539 0.8698686525451511 6.360392685173188 -0.0001355241030689178 14.835912837485848
3.4740000000000206 82.57786077580762 118.83567031961496 0.9856327333810878 -0.128398636082136 1.8047338585594903 0.8193410619821355 5.84659465428271 0.010513812137836868 14.835912848217848
3.4920000000000213 87.06333547682121 115.05118940769671 0.9926555197672091 -0.05092262695226159 1.8344764070566446 0.7608252687006978 5.340375266681029 0.00467617613372817 14.835912862991375
3.510000000000022 91.59308965807081 110.896010436969 0.9935766211756796 0.02763318137941224 1.8626049651414307 0.6944735529134443 4.857721164526444 -0.03135006071862868 14.835912877647491
3.5280000000000227 96.13309030827057 106.44206030384316 0.9882717844928478 0.10619310163729807 1.8873318671369181 0.6212908577249879 4.416070393858058 -0.11234686560132455 14.83591288440661
3.5460000000000234 100.60908081683844 101.81197875365842 0.9769702266447179 0.1829952761953047 1.9069309472737705 0.5434190910210969 4.029503120915166 -0.24942881712069204 14.835912879736087
3.564000000000024 104.92020346784906 97.15938246440436 0.9604497704990582 0.2559186066082998 1.9202288391673172 0.4638318382363086 3.7023424615664564 -0.44386424341375497 14.835912864953071
3.5820000000000247 108.97431697391399 92.6192067470235 0.9399533719777028 0.32318068223174123 1.9269400676126132 0.3853765026838141 3.427396910891075 -0.6856434397403289 14.835912842646104
3.6000000000000254 112.71665739641988 88.26813371698012 0.9168551537901742 0.38384205323078313 1.9275244161464222 0.309914970343909 3.1912735534563876 -0.9590550754794702 14.83591282056589
3.618000000000026 116.13163279191826 84.123152078222 0.8923626599876852 0.4377750311743812 1.9227544641235266 0.23818238638567624 2.980974726054112 -1.2493672855009188 14.835912804814935
3.6360000000000268 119.22807939197665 80.16325950003721 0.8674125868375807 0.48533854066596027 1.9133657866005285 0.17014501258635942 2.786887772025618 -1.545755378959242 14.835912795595787
3.6540000000000274 122.02457421176625 76.35077669961817 0.8427005861007092 0.5270804654372505 1.899907635729156 0.10540268273954603 2.602715525877149 -1.8411158584603993 14.835912790702235
3.672000000000028 124.5406460309295 72.64408290011687 0.8187495431929807 0.5635665713838188 1.882723540544835 0.043449629330030326 2.424414399066746 -2.1308940976185586 14.835912788203547
3.690000000000029 126.79280804012537 69.00337300164279 0.7959703343875304 0.5953060739107491 1.8619809663954303 -0.016194450167504315 2.2492124156674818 -2.4120175242904063 14.83591278694767
3.7080000000000295 128.79321713169472 65.39259876822882 0.774705122148377 0.6227279250018388 1.8377092445456507 -0.07392891347580899 2.074942694205283 -2.6821692564117763 14.835912786338485
3.72600000000003 130.54949957349075 61.77970225089723 0.7552557591253188 0.6461786387432392 1.8098322833635407 -0.1300526203370465 1.8996388204990073 -2.9393427074198555 14.835912786086265
3.744000000000031 132.06500927588553 58.136214250910484 0.7379017306220188 0.6659272714081147 1.778194045491399 -0.1847589132727791 1.7212998085399132 -3.1815791324541447 14.835912786055804
3.7620000000000315 133.33920104825756 54.436699340059135 0.7229110370446694 0.6821713328622275 1.742578378561992 -0.23813501641562623 1.537756674392887 -3.4068158748039155 14.835912786187036
3.7800000000000322 134.36800158495322 50.65824692228523 0.7105461202772227 0.6950412259852028 1.7027255032692148 -0.29016149367157923 1.3465999580082102 -3.6128017298916295 14.835912786455399
3.798000000000033 135.1441503098946 46.78008575358115 0.7010659431128575 0.7046024682523523 1.6583473540991436 -0.3407101735049683 1.1451465461702028 -3.7970558334721476 14.835912786851203
3.8160000000000336 135.65752084769863 42.783351173044935 0.6947246439261048 0.7108556562212713 1.6091437242840727 -0.38954031914955417 0.9304359306908472 -3.9568588980316273 14.835912787367166
3.8340000000000343 135.89545062183367 38.65101803647059 0.6917667219155637 0.7137344725527993 1.5548209530401604 -0.43629362799974586 0.6992531241252059 -4.089273100781052 14.835912787989438
3.852000000000035 135.84311341305644 34.36800846503121 0.6924183986937335 0.7131022759818072 1.4951146875441772 -0.48048928382089345 0.44817961104092635 -4.191191299674532 14.835912788689594
3.8700000000000356 135.48397228030964 29.921482694767235 0.696874631110538 0.7087480817431387 1.4298179580152919 -0.5215209401911207 0.17367578447889964 -4.259418413918311 14.83591278941736
3.8880000000000363 134.80034886245627 25.301318509058376 0.7052812406483209 0.7003830854964964 1.3588152879357738 -0.558658230188807 -0.12780151012846355 -4.290787962771988 14.83591279009545
3.906000000000037 133.77413864588578 20.500776740055926 0.717711832003739 0.6876393102941862 1.2821226742658265 -0.5910561110841099 -0.45964462921545907 -4.282314723321509 14.835912790618972
3.9240000000000377 132.3876884533626 15.517335044838376 0.7341396697622076 0.6700724141027329 1.1999318900897233 -0.6177758785875191 -0.8249065916829088 -4.231379982298474 14.835912790863306
3.9420000000000384 130.62483071521854 10.353649018039391 0.7544055261303252 0.6471710724407069 1.1126556557926657 -0.6378217121331564 -1.2260875684957193 -4.1359390032293515 14.835912790703256
3.960000000000039 128.47203932146925 5.018570638115932 0.7781837022243216 0.6183754688314177 1.0209679636251567 -0.6501957411152839 -1.6649136665809825 -3.994732036294319 14.83591279004264
3.9780000000000397 125.9196375429074 -0.47187544978044116 0.8049498396065489 0.5831070661357299 0.92583168965781 -0.6539724832768641 -2.1421326608490214 -3.8074726260196043 14.83591278884839
3.9960000000000404 122.96295718538583 353.90632185702 0.8339554970912045 0.5408108021585638 0.8285043679170652 -0.6483899787242642 -2.6573548717995905 -3.5749834325902223 14.835912787175575
4.014000000000041 119.60333034022608 348.1856895585188 0.8642153471123563 0.49100909225338885 0.7305135749941855 -0.6329504071869347 -3.2089637221267737 -3.2992537898432595 14.835912785168675
4.032000000000042 115.84880071373932 342.40741910939363 0.8945127900930027 0.43336470001611715 0.6335965017209153 -0.6075184593248557 -3.794107896968432 -2.98340665864375 14.835912783032073
4.0500000000000425 111.71447419252284 336.62108835008104 0.9234284931704664 0.3677470772976303 0.5396039768435481 -0.5724027434497829 -4.408767286887457 -2.6315837658661514 14.835912780975816
4.068000000000043 107.22248055438963 330.8839733278041 0.9493938597407171 0.2942947399235175 0.4503764155048443 -0.5284054794030622 -5.0478640148178515 -2.2487804744962814 14.835912779159667
4.086000000000044 102.40157136247733 325.26001629705854 0.9707681163614086 0.21346512388713523 0.3676059745752107 -0.4768292690830364 -5.705376320073532 -1.8406775648999043 14.835912777661306
4.1040000000000445 97.28640997452514 319.81852972278307 0.9859341339065719 0.12606339063314653 0.2927035498261775 -0.4194361449279928 -6.374414150148693 -1.4135179122245904 14.835912776486609
4.122000000000045 91.91660248210309 314.6326838740808 0.9934047567279037 0.03324280629552496 0.22668988669025913 -0.35836160165248626 -7.047233346193494 -0.9740591013284025 14.835912775621047
4.140000000000046 86.33547553814628 309.77776275284543 0.99192854248758 -0.06352843031661107 0.17012704820512647 -0.2959929090472206 -7.715196188579056 -0.5296018923311548 14.835912775103498
4.1580000000000465 80.58855223576062 305.3291196241815 0.9805816111674893 -0.16253553057777237 0.12310087621474242 -0.23482542319536076 -8.368720157990072 -0.08805840527526146 14.835912775088865
4.176000000000047 74.72164883610523 301.35977095306896 0.958831306564683 -0.26191720144253666 0.08525819904881915 -0.17731272591910935 -8.997281149619125 0.34200417519577947 14.835912775856048
4.194000000000048 68.77854922120281 297.93767446282175 0.9265586873187304 -0.35978756762042036 0.055895252945756924 -0.12572678292994183 -9.589538802655245 0.7514149417823992 14.835912777733911
4.212000000000049 62.79832126872041 295.12293840492646 0.8840317079978381 -0.45436332831166354 0.03408661661915702 -0.08204330507966939 -10.133621374748088 1.1305911581300976 14.835912780963401
4.230000000000049 56.812486627710925 292.96543784847677 0.831829527613889 -0.5440751159993276 0.018837780557792727 -0.04786482308466522 -10.617549013124007 1.4698615935074106 14.835912785576786
4.24800000000005 50.84236691848603 291.50345634669657 0.7707287690032343 -0.6276426208367198 0.009241016224781795 -0.024389024992575503 -11.029708203704331 1.7598474903491346 14.83591279139307
4.266000000000051 44.896921330189315 290.7639297099516 0.7015708469032137 -0.7040997384146189 0.0046155303087080934 -0.01242275443084101 -11.35924969112501 1.9917849881762064 14.835912798162951
4.284000000000051 38.97122432042881 290.7646386541467 0.6251317785710083 -0.7727666881282313 0.004619890489720668 -0.012434254277611911 -11.596293657625475 2.157679714024413 14.835912805806945
4.302000000000052 33.04544449864987 291.5183986804275 0.54201086633757 -0.8331760412013923 0.009336065915514058 -0.024630187797268 -11.731890259001343 2.2502427780487424 14.835912814689987
4.320000000000053 27.08386184581829 293.03911635299386 0.4525445411629116 -0.8849641422813 0.019337246722986978 -0.0490413616239091 -11.757778305768417 2.2626469296458236 14.835912826047672
4.338000000000053 21.033166041926584 295.3496737943258 0.3567407838371505 -0.927736012024586 0.03576362229307839 -0.08560126974138432 -11.66609481719795 2.1882480413627188 14.835912843154084
4.356000000000054 14.81902007037751 298.4920063747114 0.254222070039555 -0.9609002206081706 0.0604417091497067 -0.13420061695559343 -11.4493573956538 2.0205841026604503 14.835912875347791
4.374000000000055 8.339687588427767 302.54026919285997 0.14416565663950143 -0.9834502317381032 0.09609515074837316 -0.1946891845935455 -11.101469370932438 1.7543889816154261 14.835912953189442
4.392000000000055 1.456049626272316 307.6175605684194 0.02525666827863156 -0.993639872170743 0.14669869393710033 -0.2667470967119973 -10.621822160760724 1.38967402578417 14.835913188655269
4.410000000000056 353.9827251515728 313.90934670943017 -0.10419523191011522 -0.9884844199618043 0.2179305138679729 -0.34937644980616206 -10.028658580789967 0.9449922523320038 14.835913986301318
4.428000000000057 345.71575030896724 321.62386641903714 -0.24524256122654486 -0.9632311150617342 0.31694561589003556 -0.4392630730759202 -9.397370127833343 0.4954290415622879 14.835916133702192
4.4460000000000575 336.6362665873273 330.7048625622502 -0.3941719564814456 -0.9124618148632944 0.4476642263770127 -0.5268893413457907 -8.926426115143412 0.2377394604102889 14.835917718941957
4.464000000000058 327.3362197067323 340.2361556192126 -0.5364488490549161 -0.8367680247282894 0.5979156315208846 -0.5954562716682237 -8.849138290460491 0.4008767879938699 14.835916660151028
4.482000000000059 318.71045036398806 348.88405292533025 -0.655879584596061 -0.7468467482490139 0.7423868845467314 -0.6353585348207444 -9.093692835096656 0.9062607581608456 14.835913841193623
4.5000000000000595 311.0629357260763 356.16179130176505 -0.7494350078758224 -0.6529205647168677 0.8674826118451172 -0.6517767884179273 -9.413922045160872 1.5011401264199407 14.835912234242066
4.51800000000006 304.2541723887462 2.2221543361878844 -0.8215570786446877 -0.5594658715139234 0.9725576626344908 -0.653258732236341 -9.677876150639168 2.0486670505661198 14.835911750326595
4.536000000000061 298.0828704778776 7.316768764807421 -0.8769394628166127 -0.46790519703775263 1.060603420754384 -0.6459125802329304 -9.84975868765272 2.509580084477815 14.835911612365852
4.5540000000000616 292.391102078069 11.644583242415365 -0.9190213368699386 -0.3786263028869209 1.1346387811631053 -0.6335489773613552 -9.929286304656204 2.881029566848444 14.835911567811841
4.572000000000062 287.0663042945455 15.34679417906716 -0.9501925174279324 -0.2917058015946814 1.197080031899768 -0.6185631285550202 -9.926403364968943 3.1709372489378 14.835911550838656
4.590000000000063 282.0286901537737 18.523438577715126 -0.972136780662686 -0.20714288436443073 1.2497916050585665 -0.602512832640945 -9.853106151549984 3.389615436795547 14.835911543271965
4.608000000000064 277.2209753810706 21.24746411575933 -0.9860774614920351 -0.12493732347641887 1.2942258451440005 -0.586440622438896 -9.72098774985872 3.547192588824257 14.835911539451985
4.626000000000064 272.60158822625846 23.574335261659655 -0.9929363480056707 -0.04511655648638444 1.3315408580483652 -0.5710521787402443 -9.540604453394081 3.6529082319553536 14.835911537364838
4.644000000000065 268.1403459313693 25.548396633898847 -0.9934373072903263 0.03225540797716159 1.3626864383911816 -0.5568180142272001 -9.321410409395634 3.715004077241343 14.835911536191752
4.662000000000066 263.815675179179 27.20712707022858 -0.9881764303552798 0.10707678249893503 1.388465030063627 -0.5440338787117092 -9.071848723657855 3.740789151624733 14.835911535554311
4.680000000000066 259.6127596495723 28.584004917338234 -0.9776714315369951 0.17921123518471171 1.4095749454813988 -0.5328588453944101 -8.799461372644256 3.7367356075025504 14.835911535255663
4.698000000000067 255.5222219513244 29.71040056012913 -0.9623972644112184 0.24849466858230737 1.4266408572260827 -0.5233416570704359 -8.5109743735582 3.70855831009968 14.835911535181395
